    1    1    1000
    2    1    1000
    5    1    3000
    6    1   29000
    7    1   14000
    8    1   15000
    9    1   47000
   10    1   29000
   11    1   14000
   12    1   63000
   14    1   14000
   15    2   29000
   16    1   26000
   17    2   67000
   18    1   65000
   19    1   26000
   20    1   26000
   21    8   14000
   22   11   26000
   22    1   41000
   23    1   15000
   24   12  101000
   25   14    8000
   26    1    4000
   27   14    4600
